[metadata]
addr = 0x104af8
size = 0xb8
last_change = 2023-11-15T14:43:22.022388Z

[header]
last_change = 2023-11-15T14:43:22.022388Z
name = "sub_104AF8"
addr = 0x104af8
