[metadata]
addr = 0x104af8
size = 0xb8
last_change = 2023-11-15T14:43:34.223060Z

[header]
last_change = 2023-11-15T14:43:34.223060Z
name = "Display__9CMessagesFv"
addr = 0x104af8
