[metadata]
addr = 0x116ac8
size = 0x210
last_change = 2023-11-15T17:06:15.303071Z

[header]
last_change = 2023-11-15T17:06:15.303071Z
name = "_CRadar::DrawRotatingRadarSprite"
addr = 0x116ac8
