[metadata]
addr = 0x120c40
size = 0x8c
last_change = 2023-11-27T05:31:16.750289Z

[header]
last_change = 2023-11-27T05:31:16.750289Z
name = "RslGeometryForAllMaterials"
addr = 0x120c40
