[metadata]
addr = 0x13a0a0
size = 0x6234
last_change = 2023-11-15T17:04:22.820199Z

[header]
last_change = 2023-11-15T17:04:22.820199Z
name = "_ProcessControl__11CAutomobileFv"
addr = 0x13a0a0
