[metadata]
addr = 0x13a0a0
size = 0x6234
last_change = 2023-11-15T14:42:14.018760Z

[header]
last_change = 2023-11-15T14:42:14.018760Z
name = "PProcessControl__11CAutomobileFv"
addr = 0x13a0a0
