[metadata]
addr = 0x13a0a0
size = 0x6234
last_change = 2023-11-15T17:05:21.908135Z

[header]
last_change = 2023-11-15T17:05:21.908135Z
name = "ProcessControl__11CAutomobileFv"
addr = 0x13a0a0
