[metadata]
addr = 0x13a0a0
size = 0x6234
last_change = 2023-11-15T14:42:29.323280Z

[header]
last_change = 2023-11-15T14:42:29.323280Z
name = "ProcessControl__11CAutomobileFv"
addr = 0x13a0a0
