[metadata]
addr = 0x14c308
size = 0x3a0
last_change = 2023-11-27T05:36:41.467225Z

[header]
last_change = 2023-11-27T05:36:41.467225Z
name = "Render__11CAutomobileFv"
addr = 0x14c308
