[metadata]
addr = 0x150c90
size = 0xc94
last_change = 2023-11-15T17:06:35.931425Z

[header]
last_change = 2023-11-15T17:06:35.931425Z
name = "_CAutomobile::TankControl"
addr = 0x150c90
