[metadata]
addr = 0x1791a8
size = 0x24
last_change = 2023-11-15T17:07:21.756410Z

[header]
last_change = 2023-11-15T17:07:21.756410Z
name = "_CFileMgr::Read"
addr = 0x1791a8
