[metadata]
addr = 0x1790f0
size = 0x90
last_change = 2023-11-15T17:09:10.364685Z

[header]
last_change = 2023-11-15T17:09:10.364685Z
name = "CFileMgr::SetDir"
addr = 0x1790f0
