[metadata]
addr = 0x1879d0
size = 0xec0
last_change = 2023-11-15T14:38:38.688349Z

[header]
last_change = 2023-11-15T14:38:38.688349Z
name = "FFireTruckControl__11CAutomobileFv"
addr = 0x1879d0
