[metadata]
addr = 0x18fc88
size = 0xc34
last_change = 2023-11-15T17:07:06.858271Z

[header]
last_change = 2023-11-15T17:07:06.858271Z
name = "_CWorld::GetIsLineOfSightClear"
addr = 0x18fc88
