[metadata]
addr = 0x1879d0
size = 0xec0
last_change = 2023-11-15T14:38:39.015854Z

[header]
last_change = 2023-11-15T14:38:39.015854Z
name = "FireTruckControl__11CAutomobileFv"
addr = 0x1879d0
