[metadata]
addr = 0x1a8198
size = 0xc0
last_change = 2023-11-27T05:29:36.919110Z

[header]
last_change = 2023-11-27T05:29:36.919110Z
name = "CModelInfo::Load"
addr = 0x1a8198
