[metadata]
addr = 0x1b47a0
size = 0x78
last_change = 2023-11-27T05:37:55.337950Z

[header]
last_change = 2023-11-27T05:37:55.337950Z
name = "RslNodeForAllObjects"
addr = 0x1b47a0
