[metadata]
addr = 0x2551d0
size = 0xc0
last_change = 2023-11-15T17:01:59.017831Z

[header]
last_change = 2023-11-15T17:01:59.017831Z
name = "Init__14CRunningScriptFv"
addr = 0x2551d0
