[metadata]
addr = 0x2558f0
size = 0x34
last_change = 2023-11-15T17:05:47.431178Z

[header]
last_change = 2023-11-15T17:05:47.431178Z
name = "CRunningScript::RemoveScriptFromList"
addr = 0x2558f0
