[metadata]
addr = 0x2c01f8
size = 0x78
last_change = 2023-11-27T05:28:00.359426Z

[header]
last_change = 2023-11-27T05:28:00.359426Z
name = "RslElementGroupForAllElements"
addr = 0x2c01f8
