[metadata]
addr = 0x2c0270
size = 0xa4
last_change = 2023-11-27T05:38:43.415693Z

[header]
last_change = 2023-11-27T05:38:43.415693Z
name = "RslElementGroupRender"
addr = 0x2c0270
