[metadata]
addr = 0x2e5710
size = 0x30
last_change = 2023-11-27T05:32:28.361257Z

[header]
last_change = 2023-11-27T05:32:28.361257Z
name = "UnregisterInstance"
addr = 0x2e5710
