[metadata]
addr = 0x36ea40
size = 0x50
last_change = 2023-11-27T05:26:37.217516Z

[header]
last_change = 2023-11-27T05:26:37.217516Z
name = "CVisibilityComponents::RenderVehicleLoDetailCB_Boat"
addr = 0x36ea40
