[metadata]
addr = 0x36de58
size = 0x12c
last_change = 2023-11-27T05:26:34.117674Z

[header]
last_change = 2023-11-27T05:26:34.117674Z
name = "CVisibilityComponents::RenderVehicleHiDetailCB"
addr = 0x36de58
