[metadata]
addr = 0x39ec18
size = 0xecc
last_change = 2023-11-27T05:26:13.949534Z

[header]
last_change = 2023-11-27T05:26:13.949534Z
name = "ElementDefaultRenderCallBack"
addr = 0x39ec18
