[metadata]
addr = 0x394260
size = 0x50
last_change = 2023-11-27T05:31:27.248834Z

[header]
last_change = 2023-11-27T05:31:27.248834Z
name = "CVehicleModelInfo::HasAlphaMaterialCB"
addr = 0x394260
