[metadata]
addr = 0x394438
size = 0x1e4
last_change = 2023-11-27T05:28:50.346252Z

[header]
last_change = 2023-11-27T05:28:50.346252Z
name = "CVehicleModelInfo::SetElementRendererCB_BigVehicle"
addr = 0x394438
