[metadata]
addr = 0x39e160
size = 0x78
last_change = 2023-11-27T05:32:04.461118Z

[header]
last_change = 2023-11-27T05:32:04.461118Z
name = "RslElementSetGeometry"
addr = 0x39e160
