[metadata]
addr = 0x395d08
size = 0x100
last_change = 2023-11-27T05:37:59.479230Z

[stack_vars.-0x3c]
last_change = 2023-11-27T05:37:59.479230Z
offset = -60
name = "v11"
type = "int"
size = 0x4
addr = 0x395d08
