[metadata]
addr = 0x394180
size = 0x8c
last_change = 2023-11-27T05:27:10.358480Z

[header]
last_change = 2023-11-27T05:27:10.358480Z
name = "CVehicleModelInfo::HideDamagedElementCB"
addr = 0x394180
