[metadata]
addr = 0x39fae8
size = 0x4c
last_change = 2023-11-27T05:31:51.520870Z

[header]
last_change = 2023-11-27T05:31:51.520870Z
name = "RslElementDestroy"
addr = 0x39fae8
