[metadata]
addr = 0x3942b0
size = 0x184
last_change = 2023-11-27T05:29:06.770444Z

[header]
last_change = 2023-11-27T05:29:06.770444Z
name = "CVehicleModelInfo::SetElementRendererCB"
addr = 0x3942b0
