[metadata]
addr = 0x395190
size = 0x128
last_change = 2023-11-27T05:38:24.421300Z

[header]
last_change = 2023-11-27T05:38:24.421300Z
name = "CVehicleModelInfo::SetVehicleColour"
addr = 0x395190
