[metadata]
addr = 0x3eee30
size = 0x34
last_change = 2023-11-27T05:37:45.824586Z

[header]
last_change = 2023-11-27T05:37:45.824586Z
name = "CVehicle::SetComponentElementAlpha"
addr = 0x3eee30
