[0x4819fc]
last_change = 2023-11-15T14:39:53.489934Z
addr = 0x4819fc
name = ""
size = 0x4

[0x481a18]
last_change = 2023-11-15T14:39:38.460672Z
addr = 0x481a18
name = ""
size = 0x4

[0x486128]
last_change = 2023-11-15T14:39:24.180696Z
addr = 0x486128
name = ""
size = 0x4
