[0x481a18]
last_change = 2023-11-15T14:39:38.460672Z
addr = 0x481a18
name = ""
size = 0x4

[0x486128]
last_change = 2023-11-15T14:39:24.180696Z
addr = 0x486128
name = ""
size = 0x4

[0x48a144]
last_change = 2023-11-15T14:39:53.336673Z
addr = 0x48a144
name = ""
size = 0x4

[0x48a14c]
last_change = 2023-11-15T14:40:00.960723Z
addr = 0x48a14c
name = ""
size = 0x4
