[0x486128]
last_change = 2023-11-15T14:39:24.180696Z
addr = 0x486128
name = ""
size = 0x4

[0x48a148]
last_change = 2023-11-15T14:39:38.024909Z
addr = 0x48a148
name = ""
size = 0x4
